python ../IndexStackConv/ConvertLabels.py [52,53,54,55,56,57,58,59,60,61,62,63,64,65,66,67,69,70,71,72,73,74,75,76,77,78,79,80,81,82,83,84,85,86] [2,3,5,7,8,10,11,12,13,14,15,16,17,18,19,20,22,24,25,27,28,29,30,31,32,33,34,35,36,37,38,39,40,51] combined\ index\ files/JFRCtempate2010.mask130819_Original.nrrd combined\ index\ files/JFRCtempate2010.mask130819_LRmerged.nrrd
Changing label [52,53,54,55,56,57,58,59,60,61,62,63,64,65,66,67,69,70,71,72,73,74,75,76,77,78,79,80,81,82,83,84,85,86] to [2,3,5,7,8,10,11,12,13,14,15,16,17,18,19,20,22,24,25,27,28,29,30,31,32,33,34,35,36,37,38,39,40,51] for file combined index files/JFRCtempate2010.mask130819_Original.nrrd
52 -> 2  ( 14304 )
53 -> 3  ( 1441826 )
54 -> 5  ( 9979 )
55 -> 7  ( 386123 )
56 -> 8  ( 233661 )
57 -> 10  ( 17999 )
58 -> 11  ( 135650 )
59 -> 12  ( 251007 )
60 -> 13  ( 206900 )
61 -> 14  ( 158474 )
62 -> 15  ( 44024 )
63 -> 16  ( 253128 )
64 -> 17  ( 88049 )
65 -> 18  ( 111093 )
66 -> 19  ( 199259 )
67 -> 20  ( 98019 )
69 -> 22  ( 853233 )
70 -> 24  ( 641116 )
71 -> 25  ( 4657646 )
72 -> 27  ( 692529 )
73 -> 28  ( 183123 )
74 -> 29  ( 655768 )
75 -> 30  ( 1020852 )
76 -> 31  ( 342522 )
77 -> 32  ( 204920 )
78 -> 33  ( 440932 )
79 -> 34  ( 139024 )
80 -> 35  ( 58232 )
81 -> 36  ( 209076 )
82 -> 37  ( 512738 )
83 -> 38  ( 345299 )
84 -> 39  ( 233725 )
85 -> 40  ( 35503 )
86 -> 51  ( 9875 )
Voxels not changed: 99409176
saving result to combined index files/JFRCtempate2010.mask130819_LRmerged.nrrd
Done.