python ../IndexStackConv/ConvertLabels.py [1,2,3,4,5,6,7,8,9,10,11,12,13,14,15,16,17,18,19,20,21,22,23,24,25,26,27,28,29,30,31,32,33,34,35,36,37,38,39,40,41,42,43,44,45,46,47,48,49,50,51,52,53,54,55,56,57,58,59,60,61,62,63,64,65,66,67,68,69,70,71,72,73,74,75] [2,3,4,5,6,7,8,9,10,11,12,13,14,15,16,17,18,19,20,22,23,24,25,26,27,28,29,30,31,32,33,34,35,36,37,38,39,40,49,50,51,52,53,54,55,56,57,58,59,60,61,62,63,64,65,66,67,69,70,71,72,73,74,75,76,77,78,79,80,81,82,83,84,85,86] combined\ index\ files/JFRCtempate2010.mask130819_Compressed.nrrd combined\ index\ files/JFRCtempate2010.mask130819_Original.nrrd
Changing label [1,2,3,4,5,6,7,8,9,10,11,12,13,14,15,16,17,18,19,20,21,22,23,24,25,26,27,28,29,30,31,32,33,34,35,36,37,38,39,40,41,42,43,44,45,46,47,48,49,50,51,52,53,54,55,56,57,58,59,60,61,62,63,64,65,66,67,68,69,70,71,72,73,74,75] to [2,3,4,5,6,7,8,9,10,11,12,13,14,15,16,17,18,19,20,22,23,24,25,26,27,28,29,30,31,32,33,34,35,36,37,38,39,40,49,50,51,52,53,54,55,56,57,58,59,60,61,62,63,64,65,66,67,69,70,71,72,73,74,75,76,77,78,79,80,81,82,83,84,85,86] for file combined index files/JFRCtempate2010.mask130819_Compressed.nrrd
1 -> 2  ( 12341 )
2 -> 3  ( 1435381 )
3 -> 4  ( 33920 )
4 -> 5  ( 7519 )
5 -> 6  ( 101610 )
6 -> 7  ( 445293 )
7 -> 8  ( 236431 )
8 -> 9  ( 580834 )
9 -> 10  ( 12637 )
10 -> 11  ( 107511 )
11 -> 12  ( 250456 )
12 -> 13  ( 202142 )
13 -> 14  ( 158365 )
14 -> 15  ( 54648 )
15 -> 16  ( 258945 )
16 -> 17  ( 81391 )
17 -> 18  ( 97764 )
18 -> 19  ( 206040 )
19 -> 20  ( 88891 )
20 -> 22  ( 865735 )
21 -> 23  ( 153317 )
22 -> 24  ( 642058 )
23 -> 25  ( 4519610 )
24 -> 26  ( 455540 )
25 -> 27  ( 671380 )
26 -> 28  ( 197360 )
27 -> 29  ( 680983 )
28 -> 30  ( 854756 )
29 -> 31  ( 488757 )
30 -> 32  ( 174064 )
31 -> 33  ( 519978 )
32 -> 34  ( 134914 )
33 -> 35  ( 67265 )
34 -> 36  ( 197996 )
35 -> 37  ( 446202 )
36 -> 38  ( 443256 )
37 -> 39  ( 231786 )
38 -> 40  ( 39102 )
39 -> 49  ( 2636373 )
40 -> 50  ( 209198 )
41 -> 51  ( 9221 )
42 -> 52  ( 14304 )
43 -> 53  ( 1441826 )
44 -> 54  ( 9979 )
45 -> 55  ( 386123 )
46 -> 56  ( 233661 )
47 -> 57  ( 17999 )
48 -> 58  ( 135650 )
49 -> 59  ( 251007 )
50 -> 60  ( 206900 )
51 -> 61  ( 158474 )
52 -> 62  ( 44024 )
53 -> 63  ( 253128 )
54 -> 64  ( 88049 )
55 -> 65  ( 111093 )
56 -> 66  ( 199259 )
57 -> 67  ( 98019 )
58 -> 69  ( 853233 )
59 -> 70  ( 641116 )
60 -> 71  ( 4657646 )
61 -> 72  ( 692529 )
62 -> 73  ( 183123 )
63 -> 74  ( 655768 )
64 -> 75  ( 1020852 )
65 -> 76  ( 342522 )
66 -> 77  ( 204920 )
67 -> 78  ( 440932 )
68 -> 79  ( 139024 )
69 -> 80  ( 58232 )
70 -> 81  ( 209076 )
71 -> 82  ( 512738 )
72 -> 83  ( 345299 )
73 -> 84  ( 233725 )
74 -> 85  ( 35503 )
75 -> 86  ( 9875 )
Voxels not changed: 80398206
saving result to combined index files/JFRCtempate2010.mask130819_Original.nrrd
Done.